0.0356631
0.0356631
0.0519875
0.0519875
0.0519875
0
0.0273052
0.0519875
0.0519875
0.0723102
0.0642161
0.0642161
0.063133
0.0392232
0.0524601
0.0178564
0
0.0186871
0.0178564
0.0178564
0.0378792
0.0274721
0.063133
0.0747143
0.0570782
0.0723102
0.0356631
0.0777119
0.069843
0.069843
0.0540541
0.0356631
0.0356631
0.0344464
0.0252177
0.0252177
0.0166378
0.0252177
0.0252177
0.033833
0.0356631
0.0356631
0.0356631
0.0273052
0.0273052
0.0273052
0
0
0
0
0
0
0
0
0
0.0273052
0.0273052
0.0519875
0.0356631
0.0723102
0.051131
0.0570782
0.0464991
0.0404796
0.0148191
0.0148191
0.0404796
0.0464991
0.0570782
0.051131
0.0723102
0.0356631
0.0519875
0.0273052
0.0273052
0
0
0
0
0
0
0
0
0
0
0
0
0
0
0
0
0
0
0
0
0
0
0
0
0
0
0
0
0
0
0
0
0
0
0
0
0
0
0
0
0
0
0
0
0
0
0
0
0
0
0.0273052
0.0273052
0.0273052
0.0356631
0.0356631
0.0356631
0.0252177
0.0252177
0.0252177
0.0252177
0
0
0.0166378
0.0252177
0.0252177
0.0344464
0.0356631
0.0356631
0.0183417
0.0273052
0.0344464
0.0344464
0.0519875
0.0356631
0.0723102
0.051131
0.0570782
0.0464991
0.0287183
0.0148191
0.0148191
0.0217571
0.0464991
0.0570782
0.0252177
0.0723102
0.0356631
0.0356631
0.0273052
0.0273052
0.0273052
0.0273052
0.0273052
0.0519875
0.0356631
0.0723102
0.0642161
0.0570782
0.063133
0.0392232
0.0516798
0.0178564
0
0.0178564
0.0178564
0.0178564
0.0378792
0.0274721
0.063133
0.0747143
0.0570782
0.0723102
0.0356631
0.0356631
0.0273052
0.0273052
0.0273052
0.0273052
0.0273052
0.0273052
0.0183417
0.0183417
0.0183417
0.0183417
0.0183417
0.0183417
0.0273052
0.0273052
0.0273052
0
0
0
0
0
0.0273052
0.0273052
0
0.0363097
0.0363097
0
0.0540541
0.0540541
0
0.0363097
0.0363097
0
0.0273052
0.0273052
0
0
0
0
0
0.0273052
0.0273052
0.0273052
0.0363097
0.0363097
0.0363097
0.0540541
0.0540541
0.0540541
0.0363097
0.0363097
0.0363097
0.0273052
0.0273052
0.0273052
0
0
0
0
0
0
0
0.0273052
0
0
0.0363097
0
0
0.0540541
0
0
0.0363097
0
0
0.069843
0.0273052
0.0519875
0.0356631
0.0356631
0.051131
0.0252177
0.0570782
0.0287183
0
0.0287183
0.0570782
0.0252177
0.051131
0.0356631
0.0356631
0.0519875
0.0273052
0.069843
0.0273052
0.0273052
0.0183417
0.0183417
0.0356631
0.0344464
0.0344464
0.033833
0.0166378
0.0166378
0.0166378
0.033833
0.033833
0.0344464
0.0356631
0.0356631
0.0183417
0.0273052
0.0273052
0.0273052
0
0
0
0.0273052
0.0273052
0.0273052
0.0183417
0.0183417
0.0183417
0.0183417
0.0183417
0.0183417
0.0273052
0.0273052
0.0273052
0
0
0
0
0
0
0
0
0
0
0
0
0
0
0
0
0
0
0
0
0
0
0
0
0
0
0
0
0
0
0
0
0
0
0
0
0
0
0
0
0
0
0
0
